[nprint]
cmd = "nprint --pcap_file [input_pcap] --ipv4 --tcp --nprint_filter ipv4_src_[0-9]+|ipv4_dst_[0-9]+|tcp_sprt_[0-9]+|tcp_dprt_[0-9]+|tcp_seq_[0-9]+|tcp_ackn_[0-9]+"

[timing]
net = [ 0.3536062240600586, 0.03056499999999973,]
generate_npts = [ 0.35369014739990234, 0.030689999999999884,]
label = [ 0.4314849376678467, 0.4601010000000003,]
learn = [ 18.496701955795288, 60.19705400000001,]
total = [ 19.521103143692017, 60.918094,]
