[nprint]
cmd = "nprint --pcap_file [input_pcap] --ipv4 --tcp"

[timing]
net = [ 0.19597697257995605, 0.20178800000000008,]
generate_npts = [ 4.226363897323608, 4.435422000000001,]
label = [ 4.550646066665649, 4.764252,]
learn = [ 13.23595380783081, 26.254618,]
total = [ 18.156511068344116, 31.390525,]
